ID,Adoption,Died,Euthanasia,Return_to_owner,Transfer
1,0.0305242021059,0.00571124924966,0.0403652371312,0.163096035669,0.760303275844
2,0.868927987763,0.000509225987904,0.00608321877862,0.102648029694,0.021831537777
3,0.386108651535,0.00594410898186,0.0299961034676,0.108306681592,0.469644454424
4,0.212330319822,0.00742314533446,0.0626597973145,0.110567035258,0.60701970227
5,0.462895073153,0.0011475835751,0.0159925553504,0.43872855494,0.0812362329806
6,0.164104321207,0.0017422930824,0.028229483912,0.566060058254,0.239863843544
7,0.0632950848905,0.060185805296,0.806157405558,0.0339353391911,0.0364263650644
8,0.772313845282,0.019753096806,0.0458176737769,0.0221167323704,0.139998651764
9,0.858108757305,0.000835245250501,0.00441300645048,0.0592851387528,0.0773578522414
10,0.536912930515,0.0014297560504,0.0451438202374,0.341547712692,0.0749657805058
11,0.806563809893,0.000794597802448,0.00735888267828,0.0909597879515,0.0943229216746
12,0.0278207052854,0.00303338470325,0.38407595695,0.192951338085,0.392118614977
13,0.679075154038,0.00128682360618,0.0230946616809,0.102689060025,0.193854300649
14,0.469185736116,0.00111723218019,0.0124570128701,0.452576603776,0.0646634150582
15,0.716180956212,0.000646127054947,0.00514499876519,0.232059727207,0.0459681907605
16,0.812023644006,0.000808950986466,0.00848886369141,0.100139625633,0.0785389156835
17,0.324932541081,0.00168114367283,0.0647482542228,0.498827280956,0.109810780068
18,0.439854133558,0.000672119514361,0.00767845876927,0.480986539327,0.0708087488305
19,0.194028786312,0.003751960258,0.0619197163749,0.160832490418,0.579467046637
20,0.0350221832016,0.00529724684722,0.322088525984,0.0691118005866,0.568480243381
21,0.290598739908,0.00155233492486,0.022978757464,0.145319495162,0.539550672541
22,0.0053416165782,0.00147025009343,0.0459916540676,0.00675304864912,0.940443430612
23,0.550219699722,0.00110709596394,0.015207177502,0.139569602621,0.293896424191
24,0.00813224927561,0.00278939850801,0.0119381048908,0.00308511188652,0.974055135439
25,0.740228438111,0.000733447574667,0.00688091153538,0.105550275728,0.146606927051
26,0.31297618309,0.00441568115939,0.0410558656255,0.0765023485135,0.565049921612
27,0.924274529324,0.000673285642153,0.00414027857038,0.00764157568656,0.0632703307764
28,0.307513438105,0.0400472287058,0.21845753118,0.0593019736132,0.374679828396
29,0.316550060036,0.00139548982569,0.0450706352768,0.475812357689,0.161171457172
30,0.345454967902,0.00126358412144,0.0352165815677,0.449026629572,0.169038236836
31,0.268082415474,0.00129298554122,0.0377231991233,0.410985425745,0.281915974117
32,0.876564095962,0.0010174116848,0.00251095995907,0.0372908113073,0.0826167210867
33,0.130118498099,0.00172368974295,0.0681068517899,0.097141817433,0.702909142935
34,0.962327247191,0.00116540131281,0.00539351361051,0.00886203249483,0.0222518053906
35,0.316986839693,0.0319495234922,0.0436897809699,0.0145392415772,0.592834614267
36,0.37636026123,0.00285208796149,0.0290148919081,0.28667261062,0.30510014828
37,0.012902198291,0.00121065144012,0.00820990542511,0.00604943453016,0.971627810314
38,0.923680027362,0.000622835086097,0.00201860986723,0.0302794276203,0.0433991000641
39,0.372106329128,0.00076089260057,0.0200992914655,0.492563345235,0.11447014157
40,0.375065240367,0.00174982904482,0.022096405762,0.191422563934,0.409665960892
41,0.0709621625797,0.00340262958345,0.0178972127504,0.266896383177,0.64084161191
42,0.00435531856416,0.00663922901358,0.0205313581827,0.00287121378496,0.965602880455
43,0.667759919424,0.00280984348789,0.0162999351857,0.0697228560336,0.243407445869
44,0.00683262298594,0.0248938987902,0.033869738666,0.00421193549771,0.93019180406
45,0.174728400485,0.0073734983656,0.0841222812547,0.171416889032,0.562358930862
46,0.37354370009,0.0011204082783,0.0390065385242,0.209792676838,0.376536676269
47,0.258160648678,0.00346708869585,0.0626561258416,0.179674259451,0.496041877334
48,0.507768161379,0.00138940210061,0.0387877827485,0.318732107044,0.133322546728
49,0.303426561898,0.00127776620036,0.02438134561,0.357528417062,0.31338590923
50,0.032634904432,0.0028438318166,0.0282552376439,0.0571510839594,0.879114942148
51,0.124616982914,0.028450749163,0.113326842055,0.0145393997678,0.7190660261
52,0.265023705458,0.00164152936706,0.025472963067,0.552199238211,0.155662563897
53,0.945974416604,0.00129501128473,0.00579941260543,0.00851724489833,0.0384139146075
54,0.0693334523839,0.025363202432,0.0901656280746,0.0118290989041,0.803308618205
55,0.778112425569,0.00147032704782,0.0329882649856,0.119445805161,0.0679831772363
56,0.4274260901,0.00463222516862,0.133125674751,0.189525288201,0.245290721779
57,0.642656960999,0.00139278413228,0.00691795657746,0.26226342221,0.0867688760809
58,0.00749540839712,0.0126866656648,0.0255829231453,0.00722833910548,0.947006663687
59,0.0010950633281,0.00144992730642,0.00431284748658,0.00130347257753,0.991838689301
60,0.694453442237,0.000797758857966,0.00476531303256,0.0232229838837,0.276760501988
61,0.69495679298,0.000666776109641,0.0194689393238,0.223179707529,0.0617277840574
62,0.147754906868,0.000643234344832,0.130636899474,0.460361293265,0.260603666048
63,0.284959573616,0.00273434279777,0.0530622840547,0.17930102612,0.479942773411
64,0.00602373615452,0.0111170277367,0.0390374854223,0.00380332779145,0.940018422895
65,0.00797968806167,0.00327783390056,0.00911044330148,0.000933445117587,0.978698589619
66,0.815698295816,0.000733714340966,0.00490657082923,0.12439595334,0.0542654656744
67,0.950909816502,0.000989071222871,0.00369772832578,0.0130973229928,0.0313060609569
68,0.0621414371472,0.00682175268228,0.29367729331,0.27181575278,0.36554376408
69,0.391190556507,0.00157294060198,0.033444461349,0.432698935385,0.141093106157
70,0.00228919183809,0.00214561962044,0.00687201992025,0.00189036863064,0.986802799991
71,0.0297439511553,0.00555852963426,0.0255586316347,0.0394575069654,0.89968138061
72,0.953148009699,0.000476239360203,0.00168294005922,0.0186895776386,0.0260032332434
73,0.00995736670111,0.0289775615159,0.107136381816,0.00956401268878,0.844364677278
74,0.277337079654,0.00187832316188,0.0265226819621,0.237952030536,0.456309884686
75,0.0117297941403,0.00363810198237,0.0139710473442,0.00413222160409,0.966528834929
76,0.325065850327,0.0681601195911,0.0744835786446,0.0368421910951,0.495448260342
77,0.871847564215,0.000759116356882,0.00397021206652,0.00816798978451,0.115255117578
78,0.0110537913924,0.000653117479336,0.0109664541126,0.00501176703275,0.972314869983
79,0.406754511518,0.00111626437004,0.0371051443297,0.226859930386,0.328164149397
80,0.874969592586,0.00364848123708,0.0221424662936,0.0135901266238,0.0856493332591
81,0.00518262683371,0.00323490411774,0.0156913844684,0.00308377054508,0.972807314035
82,0.00652278207803,0.00157880666958,0.0189982710712,0.0046198810397,0.968280259141
83,0.69989043945,0.00164686310779,0.0100743217608,0.230676845112,0.0577115305692
84,0.0160439913223,0.0469496717906,0.0455945473819,0.00653987803173,0.884871911473
85,0.468364857017,0.000928168246646,0.0483580304685,0.380348346924,0.102000597343
86,0.175110602028,0.0101209859947,0.0630703014029,0.00999253882086,0.741705571753
87,0.0367380199815,0.00412834265087,0.35094132986,0.390066963231,0.218125344276
88,0.38021943908,0.00118748412166,0.0514847733543,0.283613322078,0.283494981366
89,0.0186323539119,0.00353845839616,0.134313786126,0.023078516849,0.820436884717
90,0.85615101389,0.00119498323413,0.00791700360368,0.0149566598452,0.119780339427
91,0.0017539039347,0.0035251087175,0.0243434338239,0.00255068853789,0.967826864986
92,0.00108199933967,0.00111414605553,0.0139372848914,0.00124770000473,0.982618869709
93,0.824558972158,0.00115455868649,0.00824514946156,0.0090072277053,0.157034091988
94,0.424136766601,0.000948634490167,0.0286581208856,0.316811207606,0.229445270417
95,0.0243063392567,0.00102295704289,0.00438638497728,0.00410760551595,0.966176713207
96,0.853156576707,0.000441910960417,0.0118974665319,0.102231308822,0.0322727369787
97,0.487453248529,0.000968538830375,0.0193489404051,0.314416967619,0.177812304616
98,0.00901107573338,0.00485680369305,0.0155259318005,0.00364425550823,0.966961933265
99,0.210292017695,0.0106565118964,0.0579612904061,0.0127781254748,0.708312054527
100,0.311909852393,0.00106064099721,0.0292126333322,0.351871690688,0.30594518259
101,0.633305167646,0.00122856418042,0.0174958519673,0.0140589408742,0.333911475332
102,0.757462401402,0.000928821714468,0.00711040282679,0.0546710606043,0.179827313453
103,0.411150406983,0.000659615890611,0.0151951223251,0.295761251686,0.277233603115
104,0.282021639052,0.00107655203638,0.0352043818698,0.204888219158,0.476809207884
105,0.273911054434,0.0029585142332,0.0332479452007,0.0931961809247,0.596686305207
106,0.540695792468,0.00138252641565,0.0171494970565,0.192718058177,0.248054125883
107,0.516246102045,0.000790725338353,0.0337024062366,0.405153730013,0.044107036367
108,0.0708675574124,0.00535382724015,0.0636485508547,0.51145092416,0.348679140333
109,0.946431413521,0.00123309376841,0.00873174587059,0.0121483326759,0.0314554141637
110,0.362123668709,0.00224450001424,0.050772067585,0.227957280812,0.356902482879
111,0.483044187616,0.00124176736067,0.0138883463438,0.380021171228,0.121804527452
112,0.540259281162,0.00176412203524,0.0371697254329,0.263347862906,0.157459008463
113,0.210684373835,0.00253882796441,0.0184820025587,0.555469412873,0.212825382769
114,0.225861638803,0.00116099090192,0.0321171766282,0.482051174516,0.25880901915
115,0.00203067100025,0.00147529278693,0.00556580713961,0.00114981771486,0.989778411358
116,0.711047194879,0.00101284882893,0.00588550565093,0.11121067896,0.170843771681
117,0.794835487744,0.000853029134536,0.00437914867536,0.143384233992,0.0565481004543
118,0.0264311484108,0.00296010029632,0.232463990374,0.372509041476,0.365635719442
119,0.0537417672491,0.00197283379715,0.0228827260175,0.768339380473,0.153063292464
120,0.467511463037,0.00472342707537,0.0623642090367,0.241678553259,0.223722347591
121,0.817948196343,0.0011319275728,0.00776009431752,0.0104630719472,0.162696709819
122,0.85823594583,0.00163702595503,0.01315067296,0.0108884527468,0.116087902508
123,0.943112711144,0.00134228186139,0.0063216127463,0.010499134967,0.0387242592813
124,0.00886256601303,0.00774345056091,0.0270451231088,0.00673061134703,0.94961824897
125,0.0167911508464,0.0100022231292,0.0528115195806,0.0666239880104,0.853771118433
126,0.891176350352,0.00108567739011,0.0066320841239,0.0368211884083,0.0642846997255
127,0.021940513162,0.00104599461519,0.0145391672877,0.00752636063588,0.954947964299
128,0.740030201683,0.00714070345882,0.0162665075361,0.0608781426352,0.175684444687
129,0.95856440576,0.000716975820143,0.00593028314622,0.00948128781263,0.0253070474609
130,0.94462404451,0.00106573833861,0.00946658317206,0.0107022344535,0.0341413995261
131,0.417089369388,0.00150096817174,0.0223627244278,0.458514256003,0.100532682009
132,0.9666904178,0.000948942910417,0.00405164131912,0.00845464645431,0.0198543515158
133,0.708843773725,0.0018957325907,0.0114024391038,0.0122307665821,0.265627287998
134,0.275369942229,0.00232135778399,0.0111161015896,0.414725734213,0.296466864184
135,0.636920011369,0.00181797488204,0.0480515836328,0.119994482733,0.193215947383
136,0.417594387794,0.000803082221581,0.0148734628037,0.50033889844,0.0663901687413
137,0.380510865578,0.00341975605867,0.0863934972317,0.190184803992,0.339491077139
138,0.010432179697,0.00222970646576,0.0319508936858,0.00847127613895,0.946915944013
139,0.466919309589,0.00108899082197,0.0138794856475,0.372144507434,0.145967706508
140,0.186600815694,0.00146975930604,0.00947857272241,0.0710644212095,0.731386431068
141,0.675315559145,0.00120207746504,0.00734639069409,0.127179151925,0.188956820771
142,0.0782795219976,0.0130383683773,0.10635860784,0.00961298439003,0.792710517395
143,0.344866632973,0.00138197554576,0.0245808331038,0.340602072625,0.288568485753
144,0.20744590846,0.000985068499926,0.0699210125459,0.528890298671,0.192757711823
145,0.338077767912,0.00243438427655,0.110986045063,0.35478316166,0.193718641088
146,0.262214581518,0.00114307453709,0.0631471950858,0.462927892664,0.210567256195
147,0.266788897677,0.026646942115,0.507077195026,0.0589273894799,0.140559575702
148,0.234314601151,0.000726662915165,0.0347567399599,0.676733438033,0.0534685579412
149,0.00167169644847,0.00134306910843,0.00729938662338,0.00122073989646,0.988465107923
150,0.0302405631536,0.012836722064,0.164156169497,0.00826732248122,0.784499222804
151,0.229466234428,0.00334391541585,0.0619137587601,0.14479442153,0.560481669866
152,0.0287632994162,0.00538126562828,0.291950941254,0.0322844448582,0.641620048843
153,0.513299906064,0.000834083308847,0.0101824180827,0.0844932655046,0.391190327039
154,0.0253290483342,0.00311995751552,0.179519553587,0.136251837926,0.655779602637
155,0.753433913674,0.00129048517209,0.00575762616405,0.0580735476542,0.181444427335
156,0.908799230452,0.000705898774264,0.0043280935562,0.0409942738519,0.045172503366
157,0.234990422347,0.000954257708862,0.0356261307536,0.4871712041,0.24125798509
158,0.010318605463,0.00563893750139,0.0141594411311,0.00418064970125,0.965702366203
159,0.298989640793,0.00186703776264,0.0548674430708,0.140914702731,0.503361175643
160,0.537752746789,0.00126336310955,0.0132158164936,0.270016707079,0.177751366529
161,0.485566971516,0.00120581181903,0.015646079786,0.171088868824,0.326492268055
162,0.51149889391,0.00106806174989,0.0185847146722,0.130433990225,0.338414339444
163,0.0280177013044,0.0522852961396,0.1000786751,0.0278529514498,0.791765376006
164,0.975306353222,0.000663198574881,0.00268700176336,0.00620920763521,0.015134238805
165,0.128589891171,0.00110531037551,0.0129547746133,0.765093584378,0.0922564394622
166,0.834113669767,0.00143920704737,0.00643391357312,0.00829230228973,0.149720907323
167,0.539020039938,0.00134108877151,0.018692909227,0.33908616906,0.101859793004
168,0.533721307461,0.00204086709722,0.0137999008652,0.220242596761,0.230195327816
169,0.696916420077,0.0004354781687,0.00583394351825,0.259726152891,0.0370880053456
170,0.756861129296,0.00138185281852,0.0068422260545,0.0283674236702,0.206547368161
171,0.00142193057517,0.00259451328622,0.0262188530159,0.00199100027417,0.967773702849
172,0.424304699913,0.00133592074489,0.0136666659544,0.264867819234,0.295824894154
173,0.347330364201,0.000711018988699,0.0753901664304,0.508350059761,0.0682183906191
174,0.229360891048,0.00135421501273,0.143132454343,0.430298891107,0.195853548489
175,0.460996409629,0.00131048770562,0.0262337886632,0.406974747355,0.104484566648
176,0.336016377445,0.0344262355602,0.0769471164291,0.0152535289717,0.537356741594
177,0.302462309147,0.00310966864668,0.0902275990427,0.365833671811,0.238366751352
178,0.660337717084,0.00343323138204,0.0404976139499,0.117817796441,0.177913641144
179,0.537405764665,0.00233159541097,0.0179589207896,0.365793636082,0.0765100830519
180,0.0703774950045,0.00591312507399,0.0549632093833,0.172443537813,0.696302632725
181,0.00849445198159,0.0090064836102,0.0214537533127,0.00360264965016,0.957442661445
182,0.580228400914,0.0257309779777,0.0477906499616,0.0206474100451,0.325602561101
183,0.376882481071,0.00247150251786,0.0219857794816,0.240543213289,0.358117023641
184,0.0374178995585,0.00226225534156,0.0456581509896,0.165755269151,0.748906424959
185,0.687261627308,0.000884249595776,0.00570398749043,0.256454346158,0.0496957894478
186,0.24168374323,0.00100656025189,0.0109118997788,0.610145242332,0.136252554407
187,0.0142304926272,0.00602375005987,0.0189968283997,0.00459069552495,0.956158233388
188,0.400077504514,0.00137927357336,0.0228828211571,0.28095657301,0.294703827746
189,0.504629186585,0.000716429890914,0.00527418627059,0.0277338548061,0.461646342448
190,0.940020470317,0.00046301450494,0.00437101212982,0.0261116511228,0.0290338519251
191,0.458610461516,0.000982448937748,0.0233133242575,0.451527723853,0.0655660414357
192,0.559278511859,0.00125543710148,0.0202977327669,0.273444238032,0.145724080241
193,0.049960855743,0.00463316535995,0.0333220470061,0.0933674751697,0.818716456721
194,0.296708982718,0.00137504360019,0.0211724488529,0.285934089528,0.394809435301
195,0.883635894579,0.000529661044716,0.0030714874535,0.019041404707,0.0937215522156
196,0.557937079671,0.00311766018014,0.0233139135019,0.0398548653387,0.375776481308
197,0.642661367291,0.000991618534426,0.0113161751902,0.300402519458,0.044628319526
198,0.656072142894,0.00168504718798,0.020428608042,0.271544676813,0.0502695250632
199,0.36376332855,0.00156712423826,0.0241745554911,0.434934773394,0.175560218326
200,0.603564231202,0.000758406968716,0.0128950256277,0.211265488429,0.171516847772
201,0.00721499136676,0.00667415055203,0.0136947213746,0.00548802780671,0.9669281089
202,0.168335803475,0.00128376867215,0.0712008901775,0.140176179129,0.619003358547
203,0.618188566769,0.00137214716575,0.0115184758794,0.28974611737,0.0791746928161
204,0.838324879481,0.00029719689641,0.0048434063098,0.126150574535,0.0303839427779
205,0.128439079502,0.00475029171445,0.229168232627,0.335354983398,0.302287412758
206,0.364993723664,0.00290777897362,0.0248771414661,0.105625984304,0.501595371593
207,0.461667598601,0.00105977899366,0.0252220228919,0.239232591727,0.272818007787
208,0.153994314375,0.00718430581826,0.255739797252,0.401220746019,0.181860836535
209,0.286317751649,0.002649082439,0.0246850629747,0.301957246918,0.38439085602
210,0.6457314573,0.00131614904537,0.0167638438609,0.256511625019,0.0796769247751
211,0.00572451360719,0.00192765247307,0.00682460914928,0.00118170076176,0.984341524009
212,0.187330355393,0.00183143240179,0.0423997859092,0.442520548131,0.325917878165
213,0.625948036945,0.0010935821707,0.027866716182,0.285049999193,0.0600416655089
214,0.648223821996,0.00131471828171,0.015688716992,0.259230717728,0.0755420250025
215,0.00587680688217,0.00811056918101,0.0155195557758,0.00278552416876,0.967707543992
216,0.464090216433,0.00064072377925,0.0142121578626,0.475987695187,0.0450692067383
217,0.845374690261,0.00403400034266,0.0111852368143,0.0181581407301,0.121247931852
218,0.302456412633,0.00235133370916,0.0239031005471,0.0674643005011,0.603824852609
219,0.397465630219,0.00151027808544,0.0220656182528,0.177489814543,0.4014686589
220,0.277078450247,0.00131717860631,0.0585307301919,0.464422909017,0.198650731938
221,0.027323504285,0.00381530876967,0.0589271778681,0.566667015988,0.34326699309
222,0.0173588281648,0.00381906619666,0.00721627324013,0.000724167132117,0.970881665266
223,0.0974674642758,0.0615063422297,0.0857486335464,0.025499530657,0.729778029291
224,0.624492334605,0.00121592112768,0.00546548693138,0.305942536111,0.0628837212244
225,0.0464938063579,0.00189238716568,0.224330755771,0.679378986772,0.0479040639333
226,0.6087921032,0.00141658413076,0.0166678642376,0.133580340407,0.239543108024
227,0.203160944509,0.0210813239102,0.200414053686,0.0234420681379,0.551901609756
228,0.00923462799444,0.00724068504925,0.0127497048831,0.0209831799098,0.949791802163
229,0.532785950425,0.00167864224835,0.012085106716,0.238332829295,0.215117471316
230,0.00784020833522,0.00598618860282,0.00607308648796,0.001409356074,0.9786911605
231,0.973308409035,0.000853451969678,0.00285383596953,0.00795604746063,0.0150282555649
232,0.947050669132,0.00056461558234,0.00631489034644,0.0161521867804,0.0299176381593
233,0.0104078925421,0.00746571324898,0.00747437636844,0.00470636911799,0.969945648723
234,0.0377285889493,0.00312922325197,0.309356930114,0.462678386447,0.187106871238
235,0.343714387571,0.00115329715265,0.0530786997911,0.536885556204,0.0651680592807
236,0.842825299702,0.00230708305982,0.00974982757298,0.0115128641873,0.133604925478
237,0.544219456617,0.0010524134459,0.0184268800655,0.251106750556,0.185194499315
238,0.0834431438471,0.00440259915669,0.0472796113466,0.0387757621381,0.826098883511
239,0.832897930419,0.000861603267184,0.00507599551627,0.116922648108,0.0442418226897
240,0.768087396586,0.00158088867577,0.012867487998,0.0228354717159,0.194628755024
241,0.926953629407,0.000539212620681,0.00398556246659,0.0234027262201,0.045118869286
242,0.272340726279,0.001624013524,0.0292989930086,0.318504835171,0.378231432018
243,0.966992104468,0.00105317397918,0.00364920447942,0.00832660973171,0.0199789073421
244,0.339015987168,0.00316475084577,0.046365734699,0.177705243626,0.433748283661
245,0.254277885888,0.000982570816846,0.033947023693,0.320904299405,0.389888220197
246,0.257247680473,0.00148688675071,0.0654408188847,0.475385937642,0.20043867625
247,0.340983031419,0.0024500479105,0.036168745375,0.104445303422,0.515952871874
248,0.331609970706,0.00223100493135,0.0269130302653,0.104378311104,0.534867682993
249,0.185218126898,0.00166443074682,0.0272642747513,0.562979655377,0.222873512226
250,0.807083842079,0.00284910944157,0.0459489911773,0.0144238020845,0.129694255218
251,0.0178533568883,0.0219383712087,0.0607700164854,0.175958034607,0.72348022081
252,0.290234662288,0.000907281923532,0.0282983297798,0.565688852822,0.114870873187
253,0.00346815358002,0.00158214952117,0.0268790314458,0.00265699269574,0.965413672757
254,0.237378798397,0.00140391206058,0.0602010066636,0.553305982495,0.147710300384
255,0.00911167755599,0.00482870649521,0.0151521854452,0.00400076358608,0.966906666918
256,0.437152614595,0.00114996568841,0.0120239043838,0.297257212415,0.252416302918
257,0.213697146993,0.00104157388704,0.0296394097753,0.326358300427,0.429263568918
258,0.541567395109,0.00342993388336,0.0213412581062,0.0774977267827,0.356163686119
259,0.212534894437,0.00104057375518,0.0554145447846,0.500730383483,0.23027960354
260,0.845236326045,0.0019185707903,0.0110948046661,0.0418931661223,0.0998571323766
261,0.723849566298,0.00125981804693,0.00389677372765,0.0483498918931,0.222643950034
262,0.639514334193,0.00123589058601,0.0217020856148,0.198163618489,0.139384071117
263,0.699714607197,0.0011619787598,0.00913486120761,0.147351987503,0.142636565333
264,0.388328028691,0.0014294457332,0.0251574882415,0.350931944433,0.234153092902
265,0.574068905019,0.000688068896249,0.012681434561,0.255699466262,0.156862125261
266,0.013918204032,0.00103065575016,0.0137697109798,0.0056726055677,0.96560882367
267,0.0454744149013,0.0041096964142,0.0413516793776,0.0362485597357,0.872815649571
268,0.0194179863516,0.00527786258251,0.147407483592,0.0239053188928,0.803991348581
269,0.0183145202816,0.00149334279899,0.00431962178453,0.0039358629991,0.971936652136
270,0.86243660417,0.00285553846381,0.0137632196925,0.0426039167283,0.0783407209449
271,0.173716207559,0.0150581599904,0.142459771249,0.0426056838709,0.626160177331
272,0.171930823872,0.00822186013738,0.46384276419,0.0543028387632,0.301701713038
273,0.0858780521188,0.00560845106364,0.0670497448273,0.366889882185,0.474573869806
274,0.205021293479,0.00123527301293,0.0424561721269,0.59542702731,0.155860234071
275,0.483383578448,0.00673978148501,0.101623655953,0.202214534818,0.206038449296
276,0.0115417292743,0.0187725194328,0.605233757477,0.0127406657702,0.351711328045
277,0.00579033508193,0.00199523332401,0.00860183854644,0.00440373606795,0.97920885698
278,0.165672788763,0.00298240197059,0.0505197278837,0.105286608042,0.67553847334
279,0.50405497139,0.00240887490293,0.0140018243116,0.0974237006828,0.382110628712
280,0.0396141786203,0.0176210933895,0.154955564534,0.0535747115485,0.734234451908
281,0.471560546814,0.000884784774614,0.0239644286169,0.271404606034,0.232185633761
282,0.140852904413,0.000975543040564,0.0236567386517,0.60418125746,0.230333556434
283,0.0435260852539,0.00641998666789,0.0257642845647,0.0672927262846,0.856996917229
284,0.839735673446,0.00175891434065,0.0116407464574,0.0145104594317,0.132354206324
285,0.12109319087,0.00119502421319,0.109715678145,0.593772539308,0.174223567464
286,0.372212643104,0.00149324792321,0.0447235560356,0.254961756122,0.326608796815
287,0.133933448065,0.00251193680982,0.00290687210346,0.0024922378411,0.858155505181
288,0.00649625932253,0.00592012581758,0.0198490621309,0.0030829923672,0.964651560362
289,0.547376094795,0.00165791085186,0.0115808505807,0.190221441209,0.249163702564
290,0.406811425153,0.00153152808972,0.049146033484,0.29740494224,0.245106071033
291,0.877945838867,0.00149355834509,0.0134995517573,0.0442959412308,0.0627651097998
292,0.937862801326,0.000919541666239,0.00428467957693,0.0142136149884,0.0427193624421
293,0.829763245032,0.00172046236469,0.00620356021372,0.00783825105113,0.154474481339
294,0.0155932655983,0.00439966931093,0.368956061798,0.0461266156709,0.564924387622
295,0.216655001446,0.000953267209811,0.0391776125789,0.694603144937,0.0486109738286
296,0.0575465415424,0.0101003614515,0.0372846980294,0.0990581939165,0.79601020506
297,0.315648651936,0.00198265148813,0.0418582891748,0.420187129812,0.22032327759
298,0.0373971997772,0.002691126355,0.0546354601675,0.082276831221,0.822999382479
299,0.638626224195,0.000988793792957,0.0126919439518,0.107368013011,0.24032502505
300,0.2199371602,0.00501402341144,0.0757950627688,0.174660361462,0.524593392158
301,0.374428919257,0.0014126525563,0.0404555462673,0.502663611577,0.0810392703426
302,0.800728635039,0.00102325125742,0.00676383308431,0.00899573134134,0.182488549278
303,0.951991508302,0.000861928770677,0.00527650149445,0.0110601377705,0.0308099236624
304,0.361708397893,0.00201603285214,0.029291743728,0.24615545596,0.360828369566
305,0.0436049628998,0.00528715311091,0.20116380914,0.222665721986,0.527278352864
306,0.209690832485,0.000779229252684,0.208811734211,0.563898894033,0.0168193100178
307,0.886371028077,0.00236149800189,0.014966265892,0.0372810922568,0.0590201157725
308,0.242273532843,0.00274621692154,0.0401776127484,0.121002653213,0.593799984275
309,0.859934759117,0.000502837747012,0.00132550401293,0.0783963262608,0.0598405728622
310,0.00812264559589,0.0151409025015,0.0215244559855,0.00290321114315,0.952308784774
311,0.170797248865,0.00305753834404,0.102994862238,0.195195772029,0.527954578523
312,0.816692133873,0.000606052127706,0.00658484660933,0.0067976701043,0.169319297286
313,0.0721757972259,0.00944087900949,0.0935289616576,0.0196922504376,0.80516211167
314,0.256645432008,0.0011244122829,0.0339868202388,0.435527448014,0.272715887456
315,0.00983549901582,0.00138787557214,0.0151401438002,0.00549534566612,0.968141135946
316,0.640130347282,0.00126503717449,0.0123114247096,0.30502120375,0.0412719870842
317,0.369584924169,0.00104061875713,0.0259326460273,0.547372378605,0.0560694324421
318,0.606761648388,0.000895974578065,0.0146961324824,0.255085872474,0.122560372078
319,0.00867383930345,0.00229773141532,0.0130560724881,0.00373604912873,0.972236307664
320,0.406071692241,0.00124628310298,0.0270734270696,0.485202318191,0.0804062793954
321,0.321533688304,0.00735189456989,0.0680582785462,0.180475251442,0.422580887138
322,0.00624574134989,0.00112570908258,0.0101965305409,0.00495802957482,0.977473989452
323,0.00748675463906,0.00282573337932,0.0395172331266,0.00584607339029,0.944324205465
324,0.615816457816,0.0047319959372,0.0564062558138,0.0176195709122,0.305425719521
325,0.852870841292,0.0019303057358,0.0080056778182,0.0218968936649,0.115296281489
326,0.926353233688,0.00150277696149,0.0055411583482,0.0156683829935,0.0509344480087
327,0.865386336374,0.000724085967989,0.00342946476421,0.0112248793882,0.119235233505
328,0.401922829267,0.00103443019854,0.0265520335462,0.294880316957,0.275610390031
329,0.503958900845,0.0010829241469,0.0143642105769,0.225458829774,0.255135134657
330,0.0444172387399,0.00275510594823,0.0676170970433,0.341538482093,0.543672076176
331,0.117828251499,0.00202114550721,0.355376721358,0.350186030656,0.17458785098
332,0.00228726104934,0.00127176273397,0.00728689849338,0.00117888830851,0.987975189415
333,0.960316050321,0.000835902528288,0.00419286511154,0.00932197158956,0.0253332104495
334,0.798178009849,0.000727804015047,0.00208398939152,0.0400495339822,0.158960662762
335,0.044581596799,0.0191682288491,0.0510861996127,0.0408616645861,0.844302310153
336,0.862286787286,0.00152726932386,0.00802211965958,0.013437429539,0.114726394192
337,0.0153132713563,0.0074410597895,0.68587257743,0.0445482720914,0.246824819333
338,0.290411241328,0.00160525435251,0.0376509232614,0.308627956299,0.361704624759
339,0.0813680333984,0.0041433968787,0.0785859761138,0.252821235606,0.583081358003
340,0.426957606702,0.0012909977807,0.0639481304276,0.375854443099,0.13194882199
341,0.236870045113,0.00104156513511,0.0568848723078,0.0948207486385,0.610382768806
342,0.758627688677,0.00368193462111,0.0203679766414,0.0310228833077,0.186299516753
343,0.0317149304258,0.0089888636409,0.242142235532,0.341592616448,0.375561353952
344,0.842046503554,0.000989368613013,0.0108503315879,0.0680778388467,0.0780359573979
345,0.593527753732,0.00235491031261,0.0254243751298,0.0700587296065,0.308634231219
346,0.446160511161,0.00124934584414,0.0302716415939,0.311443549765,0.210874951636
347,0.326086768439,0.00104129603626,0.0615703678764,0.3878661196,0.223435448048
348,0.0435820933863,0.0168540092494,0.139187067583,0.00914615547943,0.791230674302
349,0.129252394404,0.00128244245928,0.0470293705854,0.633771025707,0.188664766844
350,0.325913670408,0.0131484034264,0.327720124553,0.126740034388,0.206477767225
351,0.666385202821,0.00138712531447,0.00967341398799,0.169824782131,0.152729475745
352,0.0141738091282,0.00194343770173,0.0331961016321,0.0112802919381,0.9394063596
353,0.314066348158,0.00175727143473,0.0337717923888,0.552311392718,0.0980931953007
354,0.594151093178,0.0014828738348,0.00364006933282,0.00490288106809,0.395823082586
355,0.592651061008,0.00155667453429,0.0124194166874,0.162247958067,0.231124889703
356,0.0212775944103,0.643543339743,0.218225622014,0.00314702220283,0.11380642163
357,0.388696522178,0.00157741367417,0.057627499668,0.21571666462,0.33638189986
358,0.68461055628,0.00133447928767,0.00950248999528,0.0780582781671,0.22649419627
359,0.159547728355,0.0277421908856,0.0565625455941,0.0116113756829,0.744536159482
360,0.749082178904,0.000653026291006,0.00732992247056,0.0424975219039,0.200437350431
361,0.753086798924,0.0027175936515,0.0262608861659,0.00896882956704,0.208965891691
362,0.0238115230543,0.00266197237536,0.145895245896,0.179269974694,0.64836128398
363,0.196308100682,0.00157944024591,0.0574821131676,0.451178122299,0.293452223606
364,0.641813097118,0.0163132379556,0.0596058420711,0.0194179387079,0.262849884148
365,0.329826853029,0.00251503290365,0.044468849466,0.0780691396738,0.545120124928
366,0.0119383796511,0.0438003006923,0.861556975447,0.0315398403335,0.0511645038764
367,0.490804115729,0.000993241085128,0.007790084448,0.129409350151,0.371003208587
368,0.0503011272031,0.00418462872028,0.195840534287,0.623867344418,0.125806365371
369,0.00141616739206,0.003002564126,0.0135372342248,0.00127439511285,0.980769639144
370,0.66255444028,0.000822939333365,0.0110722181406,0.131986530925,0.19356387132
371,0.495775893589,0.0011317949036,0.061254203992,0.230702399938,0.211135707577
372,0.661668133375,0.00100903895722,0.00924940652026,0.287070824807,0.0410025963407
373,0.975249499963,0.000483219857045,0.00187267067693,0.00531795432033,0.0170766551825
374,0.178202874822,0.00170076407076,0.0696487066509,0.463879237934,0.286568416522
375,0.0125451610861,0.00202465809661,0.0521416417393,0.00909956531073,0.924188973767
376,0.435913583748,0.00183337992247,0.0238433819188,0.448760415937,0.0896492384735
377,0.186537395475,0.000615989294453,0.0726297431154,0.181332128427,0.558884743688
378,0.767905502697,0.00123425378986,0.0092161346012,0.174496573786,0.0471475351259
379,0.415511304409,0.00121879635267,0.0127840155177,0.219135232615,0.351350651106
380,0.107881573685,0.0189992042258,0.0836643286867,0.0150626957341,0.774392197668
381,0.903180304617,0.00154810926095,0.00673979539773,0.0131820459379,0.0753497447869
382,0.0130051440558,0.0161326160048,0.0316075830612,0.00756888473138,0.931685772147
383,0.0131126340159,0.0871287311564,0.087551690966,0.00958101724253,0.802625926619
384,0.024110607109,0.00647605594833,0.260780753159,0.0382399325074,0.670392651276
385,0.603950455561,0.0013415623422,0.0114029676654,0.275902571288,0.107402443143
386,0.116562014225,0.00108477102055,0.0277910692728,0.705869208872,0.14869293661
387,0.0078399345868,0.00435556641037,0.0233639753874,0.00364704573902,0.960793477876
388,0.858450012612,0.000833338315242,0.00443547856873,0.086789093889,0.0494920766154
389,0.888065211967,0.000964764627489,0.0067724809746,0.0163035637199,0.0878939787109
390,0.943383092662,0.00137165643368,0.00713086762041,0.0110765044083,0.0370378788755
391,0.0593732997611,0.00152916959854,0.279767982199,0.538188918354,0.121140630087
392,0.0134626378567,0.0035212078132,0.0337722150958,0.0108686254526,0.938375313782
393,0.957278711642,0.000796412337194,0.00296953345758,0.00801612255151,0.0309392200119
394,0.0631236618744,0.0113087502609,0.0597798197593,0.0469217173111,0.818866050794
395,0.300622944293,0.00142610123574,0.0359003023764,0.349220798629,0.312829853466
396,0.237211856509,0.00202690914307,0.0830404358476,0.599083752843,0.0786370456576
397,0.0417109718407,0.0040172102748,0.284967021368,0.315009304674,0.354295491842
398,0.413051261458,0.0477426275059,0.0587212060506,0.0174945998182,0.462990305168
399,0.653574396828,0.00122443252033,0.00962689399134,0.186779452668,0.148794823993
400,0.76260354404,0.00240487335035,0.0189082604396,0.0180024987035,0.198080823467
401,0.933173577057,0.00109364587399,0.00353603111527,0.00651871326793,0.0556780326859
402,0.523132314369,0.00152116280169,0.00898537190135,0.122841999395,0.343519151532
403,0.71066659145,0.00109174220547,0.0104561136223,0.202481458444,0.0753040942783
404,0.0164342010585,0.04047960005,0.0817066989943,0.00862389509734,0.8527556048
405,0.401650307124,0.0023818693267,0.0271391537252,0.11328520662,0.455543463204
406,0.238842737382,0.00187004363562,0.0419441412754,0.446749535297,0.270593542409
407,0.426539995803,0.00187922011425,0.0328438847487,0.0407796399981,0.497957259336
408,0.18085832505,0.00234585755119,0.126494387753,0.492886033323,0.197415396323
409,0.943597933489,0.000718202250058,0.00200484523609,0.0227425604204,0.0309364586042
410,0.00915248716692,0.0066970244294,0.0362752789504,0.0103702895346,0.937504919919
411,0.0905844113542,0.00838074279055,0.0394823187532,0.437941519382,0.42361100772
412,0.827624343882,0.00403599935764,0.0108821700894,0.0158440610678,0.141613425604
413,0.419557049559,0.00167823831876,0.0137446557788,0.288870160711,0.276149895633
414,0.919089594816,0.00111184139029,0.00707582779949,0.0123059143259,0.0604168216679
415,0.327143130695,0.00133346085949,0.0473433454987,0.411713675705,0.212466387242
416,0.977090882396,0.0004418021575,0.00122065645624,0.00376645147769,0.0174802075125
417,0.680536636164,0.000964902453227,0.0152367430908,0.251273358677,0.0519883596155
418,0.325636614892,0.00161358805585,0.0242683295121,0.334121701093,0.314359766447
419,0.90385172218,0.00162222759732,0.00731457281325,0.0216010504795,0.0656104269296
420,0.570911762077,0.00107554307047,0.0162848211316,0.334093179399,0.0776346943221
421,0.966688866653,0.000233154000577,0.00227459389483,0.0155938232262,0.015209562225
422,0.00718039392529,0.00965110989127,0.0153209391369,0.00244253126178,0.965405025785
423,0.0298367040645,0.131203082438,0.16303647154,0.00686043796223,0.669063303995
424,0.836817388226,0.00693129605277,0.0438733686046,0.012748011854,0.0996299352624
425,0.389076951856,0.00116302088219,0.0203123992926,0.232657545743,0.356790082226
426,0.0160568910527,0.0690409288013,0.211015073304,0.0367591714432,0.667127935399
427,0.91118330631,0.00212923964347,0.00857794222281,0.0234117821241,0.0546977296996
428,0.0931293093978,0.0129763543194,0.150777032396,0.0587675528671,0.68434975102
429,0.0785596251107,0.0254390777299,0.0586861595583,0.136641743681,0.70067339392
430,0.00776650179792,0.00639705655653,0.0335852462409,0.00351785456734,0.948733340837
431,0.447578976157,0.00101843685465,0.00915438512151,0.0812009360883,0.461047265779
432,0.219902235528,0.00125905553718,0.0323900100842,0.483890646275,0.262558052575
433,0.396976224106,0.00191701027642,0.0168406002598,0.411990284076,0.172275881282
434,0.437876340851,0.00161114318009,0.0409386990197,0.361072517193,0.158501299757
435,0.011027946871,0.0324681837537,0.275353483904,0.00589723746074,0.675253148011
436,0.0021603070852,0.00288016033441,0.00767588082294,0.00181334714264,0.985470304615
437,0.586649297449,0.00216983543468,0.0145457127739,0.0328468793087,0.363788275034
438,0.465493293856,0.00122813273296,0.0267886178432,0.286393537298,0.22009641827
439,0.0013059034313,0.00162111038785,0.00824031503316,0.00132567392613,0.987506997222
440,0.485575603209,0.00147477862,0.0201806288492,0.0394658610035,0.453303128319
441,0.00742557429123,0.014766892294,0.869268746939,0.00879415741074,0.0997446290647
442,0.57531734201,0.00130410481157,0.00984124167734,0.138501817925,0.275035493577
443,0.872909832761,0.000896962170882,0.00493521388454,0.0788160630787,0.0424419281046
444,0.345490269045,0.000997276313505,0.0176535867842,0.582067140345,0.0537917275114
445,0.48057311808,0.00139891267942,0.0136570072338,0.449285454912,0.0550855070949
446,0.548088424967,0.000948873602241,0.0464023922532,0.246956847081,0.157603462097
447,0.550480430003,0.0023716677223,0.0464205812813,0.140868275268,0.259859045726
448,0.0773438203476,0.020832896713,0.082004114794,0.012003339729,0.807815828416
449,0.474976405641,0.0562453942061,0.0820737615285,0.0355846633891,0.351119775235
450,0.0574191527371,0.0186210040461,0.0814762691396,0.0739225559139,0.768561018163
451,0.00516392179027,0.00562511789513,0.022130247716,0.00378143233316,0.963299280265
452,0.260227223294,0.00359330521474,0.174008311617,0.218531718978,0.343639440897
453,0.459731965565,0.000869176725851,0.00632477506224,0.447080634497,0.0859934481498
454,0.00153854725386,0.00233601856873,0.00937416987333,0.00155956038501,0.985191703919
455,0.5086387511,0.00124630224652,0.0592850755167,0.328482899334,0.102346971802
456,0.619918124119,0.000858599156575,0.0243338182621,0.255115962486,0.0997734959761
457,0.891330826785,0.000634267006695,0.00394031453481,0.0569372446314,0.0471573470426
458,0.0205777976624,0.0047550905442,0.471698406219,0.185977452535,0.316991253039
459,0.723518002702,0.0026043051644,0.0112052384809,0.044732195097,0.217940258555
460,0.00891299504553,0.00764648020341,0.0189594835499,0.00611390387283,0.958367137328
461,0.785954744208,0.00106155845563,0.0130678177838,0.131511934462,0.0684039450906
462,0.245911363891,0.000959185056133,0.0233395153748,0.455310661906,0.274479273771
463,0.00614537902717,0.00759255724787,0.0260149295982,0.00335311560341,0.956894018523
464,0.0579543912815,0.00593552428615,0.164678617022,0.275640815863,0.495790651548
465,0.518986671916,0.00126901993289,0.0291086911923,0.399961127134,0.0506744898247
466,0.792804797809,0.000717057065713,0.00761248902178,0.112724500735,0.0861411553689
467,0.0198409832401,0.00258608087404,0.32415898966,0.183441206093,0.469972740133
468,0.514845150111,0.00226555511843,0.0459115275476,0.357617338249,0.0793604289737
469,0.610752860358,0.0025776953862,0.0242749346394,0.0880903856839,0.274304123933
470,0.328403308916,0.00128847485494,0.0230791922817,0.254699148269,0.392529875678
471,0.0456434783095,0.0772754821099,0.545734694646,0.0161003956181,0.315245949317
472,0.0430180042825,0.0109566996159,0.291624068643,0.396995098566,0.257406128893
473,0.806157844313,0.00132227738165,0.0229653185962,0.0114344055027,0.158120154206
474,0.509582498503,0.00107728091122,0.0741404845484,0.329780852726,0.085418883312
475,0.605747178635,0.00142442736708,0.0106881535955,0.304071145942,0.0780690944598
476,0.900597148292,0.00105749506156,0.00653845571404,0.0437556536798,0.0480512472525
477,0.0012702915659,0.00233898158461,0.00704715168412,0.00104194605364,0.988301629112
478,0.478518226095,0.00125115648664,0.0826148257695,0.346669302268,0.0909464893808
479,0.00233772935124,0.00313624858789,0.00623379519991,0.00148962548633,0.986802601375
480,0.9505798657,0.0015444634755,0.0185892116916,0.00746838839738,0.0218180707354
481,0.0452809371659,0.00329491358816,0.31713488307,0.427210727183,0.207078538993
482,0.0264626177793,0.00230164871783,0.0595343915599,0.209076984548,0.702624357395
483,0.323878474752,0.00110211853753,0.0481357578965,0.498573899739,0.128309749075
